 SVX cage parameters:
   2.2000000    
  0.50000000      0.20000000    
   0.0000000    
           6
  -40.000000      -26.500000      -26.500000       26.500000       26.500000       40.000000    
   53.000000       53.000000       22.147820       22.147820       53.000000       53.000000    
   0.0000000       0.0000000       0.0000000    
 SVX barrel parameters:
           4
   2.6300001       5.1925998       11.765000       16.687000       1.1410000    
   0.0000000       0.0000000       0.0000000       0.0000000    
           4           4           5           6
  0.69599998      0.69599998       1.7450000       1.7450000    
  9.99999978E-03  9.99999978E-03  3.12500000E-02  3.12500000E-02
   2.8360000       2.8360000       3.1877000       3.1877000    
  1.89999994E-02  1.89999994E-02   0.0000000       0.0000000    
  1.99999996E-02  1.99999996E-02   0.0000000       0.0000000    
   26.700001       13.626000       17.000000       12.000000    
  -13.000000      -12.980000       0.0000000       0.0000000    
           2
           5           5
   0.0000000       180.00000    
           2
          10          10
   0.0000000       180.00000    
           2
           8           8
   0.0000000       180.00000    
           2
          12          12
   0.0000000       180.00000    
 SVX barrel sensor rotation matrices and translation vectors
           0           1           1           1
   1.5680717      -2.1114099       8.5380001    
  0.64811975      0.76153833     -3.15988530E-07
 -0.76153839      0.64811981     -1.16261113E-07
   0.0000000       0.0000000       1.0000000    
           0           1           1           2
   1.5680717      -2.1114099       2.8460002    
  0.64811975      0.76153833     -3.15988530E-07
 -0.76153839      0.64811981     -1.16261113E-07
   0.0000000       0.0000000       1.0000000    
           0           1           1           3
   1.5680717      -2.1114099      -2.8459997    
  0.64811975      0.76153833     -3.15988530E-07
 -0.76153839      0.64811981     -1.16261113E-07
   0.0000000       0.0000000       1.0000000    
           0           1           1           4
   1.5680717      -2.1114099      -8.5380001    
  0.64811975      0.76153833     -3.15988530E-07
 -0.76153839      0.64811981     -1.16261113E-07
   0.0000000       0.0000000       1.0000000    
           0           1           2           1
   2.3495669      -1.1817091       8.5380001    
  0.23683837      0.97154903     -2.89595050E-07
 -0.97154915      0.23683827     -3.47884743E-08
   0.0000000       0.0000000       1.0000000    
           0           1           2           2
   2.3495669      -1.1817091       2.8460000    
  0.23683837      0.97154903     -2.89595050E-07
 -0.97154915      0.23683827     -3.47884743E-08
   0.0000000       0.0000000       1.0000000    
           0           1           2           3
   2.3495669      -1.1817091      -2.8460000    
  0.23683837      0.97154903     -2.89595050E-07
 -0.97154915      0.23683827     -3.47884743E-08
   0.0000000       0.0000000       1.0000000    
           0           1           2           4
   2.3495669      -1.1817091      -8.5380001    
  0.23683837      0.97154903     -2.89595050E-07
 -0.97154915      0.23683827     -3.47884743E-08
   0.0000000       0.0000000       1.0000000    
           0           1           3           1
   2.6299999     -1.65309757E-08   8.5380001    
 -0.22495131      0.97437006     -2.29408585E-07
 -0.97437006     -0.22495121      2.61378190E-08
   0.0000000       0.0000000       1.0000000    
           0           1           3           2
   2.6299999     -1.65309757E-08   2.8460000    
 -0.22495131      0.97437006     -2.29408585E-07
 -0.97437006     -0.22495121      2.61378190E-08
   0.0000000       0.0000000       1.0000000    
           0           1           3           3
   2.6299999     -1.65309757E-08  -2.8460000    
 -0.22495131      0.97437006     -2.29408585E-07
 -0.97437006     -0.22495121      2.61378190E-08
   0.0000000       0.0000000       1.0000000    
           0           1           3           4
   2.6299999     -1.65309757E-08  -8.5380001    
 -0.22495131      0.97437006     -2.29408585E-07
 -0.97437006     -0.22495121      2.61378190E-08
   0.0000000       0.0000000       1.0000000    
           0           1           4           1
   2.3495665       1.1817089       8.5380001    
 -0.63876808      0.76939946     -1.48264419E-07
 -0.76939958     -0.63876784      5.35246940E-08
   0.0000000       0.0000000       1.0000000    
           0           1           4           2
   2.3495665       1.1817089       2.8459997    
 -0.63876808      0.76939946     -1.48264419E-07
 -0.76939958     -0.63876784      5.35246940E-08
   0.0000000       0.0000000       1.0000000    
           0           1           4           3
   2.3495665       1.1817089      -2.8460002    
 -0.63876808      0.76939946     -1.48264419E-07
 -0.76939958     -0.63876784      5.35246940E-08
   0.0000000       0.0000000       1.0000000    
           0           1           4           4
   2.3495665       1.1817089      -8.5380001    
 -0.63876808      0.76939946     -1.48264419E-07
 -0.76939958     -0.63876784      5.35246940E-08
   0.0000000       0.0000000       1.0000000    
           0           1           5           1
   1.5680710       2.1114101       8.5379992    
 -0.91636276      0.40034908     -6.34671551E-08
 -0.40034896     -0.91636270      4.15317487E-08
   0.0000000       0.0000000       1.0000000    
           0           1           5           2
   1.5680710       2.1114101       2.8459997    
 -0.91636276      0.40034908     -6.34671551E-08
 -0.40034896     -0.91636270      4.15317487E-08
   0.0000000       0.0000000       1.0000000    
           0           1           5           3
   1.5680710       2.1114101      -2.8460002    
 -0.91636276      0.40034908     -6.34671551E-08
 -0.40034896     -0.91636270      4.15317487E-08
   0.0000000       0.0000000       1.0000000    
           0           1           5           4
   1.5680710       2.1114101      -8.5380011    
 -0.91636276      0.40034908     -6.34671551E-08
 -0.40034896     -0.91636270      4.15317487E-08
   0.0000000       0.0000000       1.0000000    
           0           1           6           1
  -1.5680727       2.1114101      -8.5380001    
  0.91636264      0.40034914     -1.28954497E-07
  0.40034923     -0.91636264      1.11378391E-07
 -8.74227766E-08   0.0000000      -1.0000000    
           0           1           6           2
  -1.5680722       2.1114101      -2.8460002    
  0.91636264      0.40034914     -1.28954497E-07
  0.40034923     -0.91636264      1.11378391E-07
 -8.74227766E-08   0.0000000      -1.0000000    
           0           1           6           3
  -1.5680717       2.1114101       2.8459997    
  0.91636264      0.40034914     -1.28954497E-07
  0.40034923     -0.91636264      1.11378391E-07
 -8.74227766E-08   0.0000000      -1.0000000    
           0           1           6           4
  -1.5680712       2.1114101       8.5380001    
  0.91636264      0.40034914     -1.28954497E-07
  0.40034923     -0.91636264      1.11378391E-07
 -8.74227766E-08   0.0000000      -1.0000000    
           0           1           7           1
  -2.3495679       1.1817088      -8.5380001    
  0.63876766      0.76939958     -1.40947435E-07
  0.76939964     -0.63876790      2.65811142E-08
 -8.74227766E-08   0.0000000      -1.0000000    
           0           1           7           2
  -2.3495674       1.1817088      -2.8460000    
  0.63876766      0.76939958     -1.40947435E-07
  0.76939964     -0.63876790      2.65811142E-08
 -8.74227766E-08   0.0000000      -1.0000000    
           0           1           7           3
  -2.3495669       1.1817088       2.8460000    
  0.63876766      0.76939958     -1.40947435E-07
  0.76939964     -0.63876790      2.65811142E-08
 -8.74227766E-08   0.0000000      -1.0000000    
           0           1           7           4
  -2.3495665       1.1817088       8.5380001    
  0.63876766      0.76939958     -1.40947435E-07
  0.76939964     -0.63876790      2.65811142E-08
 -8.74227766E-08   0.0000000      -1.0000000    
           0           1           8           1
  -2.6300006     -3.69502231E-07  -8.5380001    
  0.22495091      0.97437006     -1.13560567E-07
  0.97437006     -0.22495113     -5.45630243E-08
 -8.74227766E-08   0.0000000      -1.0000000    
           0           1           8           2
  -2.6300001     -3.69502231E-07  -2.8460000    
  0.22495091      0.97437006     -1.13560567E-07
  0.97437006     -0.22495113     -5.45630243E-08
 -8.74227766E-08   0.0000000      -1.0000000    
           0           1           8           3
  -2.6299996     -3.69502231E-07   2.8460000    
  0.22495091      0.97437006     -1.13560567E-07
  0.97437006     -0.22495113     -5.45630243E-08
 -8.74227766E-08   0.0000000      -1.0000000    
           0           1           8           4
  -2.6299992     -3.69502231E-07   8.5380001    
  0.22495091      0.97437006     -1.13560567E-07
  0.97437006     -0.22495113     -5.45630243E-08
 -8.74227766E-08   0.0000000      -1.0000000    
           0           1           9           1
  -2.3495672      -1.1817094      -8.5380001    
 -0.23683821      0.97154915     -5.26343342E-08
  0.97154909      0.23683800     -1.14749447E-07
 -8.74227766E-08   0.0000000      -1.0000000    
           0           1           9           2
  -2.3495667      -1.1817094      -2.8459997    
 -0.23683821      0.97154915     -5.26343342E-08
  0.97154909      0.23683800     -1.14749447E-07
 -8.74227766E-08   0.0000000      -1.0000000    
           0           1           9           3
  -2.3495662      -1.1817094       2.8460002    
 -0.23683821      0.97154915     -5.26343342E-08
  0.97154909      0.23683800     -1.14749447E-07
 -8.74227766E-08   0.0000000      -1.0000000    
           0           1           9           4
  -2.3495657      -1.1817094       8.5380001    
 -0.23683821      0.97154915     -5.26343342E-08
  0.97154909      0.23683800     -1.14749447E-07
 -8.74227766E-08   0.0000000      -1.0000000    
           0           1          10           1
  -1.5680726      -2.1114094      -8.5379992    
 -0.64811993      0.76153839      2.88383397E-08
  0.76153827      0.64811969     -1.41142920E-07
 -8.74227766E-08   0.0000000      -1.0000000    
           0           1          10           2
  -1.5680721      -2.1114094      -2.8459997    
 -0.64811993      0.76153839      2.88383397E-08
  0.76153827      0.64811969     -1.41142920E-07
 -8.74227766E-08   0.0000000      -1.0000000    
           0           1          10           3
  -1.5680716      -2.1114094       2.8460002    
 -0.64811993      0.76153839      2.88383397E-08
  0.76153827      0.64811969     -1.41142920E-07
 -8.74227766E-08   0.0000000      -1.0000000    
           0           1          10           4
  -1.5680711      -2.1114094       8.5380011    
 -0.64811993      0.76153839      2.88383397E-08
  0.76153827      0.64811969     -1.41142920E-07
 -8.74227766E-08   0.0000000      -1.0000000    
           0           2           1           1
   2.4922576      -4.5554090       8.5380001    
  0.74706757      0.66474801     -3.16271439E-07
 -0.66474819      0.74706769     -1.41929064E-07
   0.0000000       0.0000000       1.0000000    
           0           2           1           2
   2.4922576      -4.5554090       2.8460004    
  0.74706757      0.66474801     -3.16271439E-07
 -0.66474819      0.74706769     -1.41929064E-07
   0.0000000       0.0000000       1.0000000    
           0           2           1           3
   2.4922576      -4.5554090      -2.8459995    
  0.74706757      0.66474801     -3.16271439E-07
 -0.66474819      0.74706769     -1.41929064E-07
   0.0000000       0.0000000       1.0000000    
           0           2           1           4
   2.4922576      -4.5554090      -8.5380001    
  0.74706757      0.66474801     -3.16271439E-07
 -0.66474819      0.74706769     -1.41929064E-07
   0.0000000       0.0000000       1.0000000    
           0           2           2           1
   3.4952886      -3.8400593       8.5380001    
  0.56943715      0.82203478     -3.13603692E-07
 -0.82203478      0.56943721     -9.80099983E-08
   0.0000000       0.0000000       1.0000000    
           0           2           2           2
   3.4952886      -3.8400593       2.8460002    
  0.56943715      0.82203478     -3.13603692E-07
 -0.82203478      0.56943721     -9.80099983E-08
   0.0000000       0.0000000       1.0000000    
           0           2           2           3
   3.4952886      -3.8400593      -2.8459997    
  0.56943715      0.82203478     -3.13603692E-07
 -0.82203478      0.56943721     -9.80099983E-08
   0.0000000       0.0000000       1.0000000    
           0           2           2           4
   3.4952886      -3.8400593      -8.5380001    
  0.56943715      0.82203478     -3.13603692E-07
 -0.82203478      0.56943721     -9.80099983E-08
   0.0000000       0.0000000       1.0000000    
           0           2           3           1
   4.3015642      -2.9085464       8.5380001    
  0.35975266      0.93304765     -3.00664482E-07
 -0.93304771      0.35975277     -5.59556099E-08
   0.0000000       0.0000000       1.0000000    
           0           2           3           2
   4.3015642      -2.9085464       2.8460000    
  0.35975266      0.93304765     -3.00664482E-07
 -0.93304771      0.35975277     -5.59556099E-08
   0.0000000       0.0000000       1.0000000    
           0           2           3           3
   4.3015642      -2.9085464      -2.8460000    
  0.35975266      0.93304765     -3.00664482E-07
 -0.93304771      0.35975277     -5.59556099E-08
   0.0000000       0.0000000       1.0000000    
           0           2           3           4
   4.3015642      -2.9085464      -8.5380001    
  0.35975266      0.93304765     -3.00664482E-07
 -0.93304771      0.35975277     -5.59556099E-08
   0.0000000       0.0000000       1.0000000    
           0           2           4           1
   4.8656979      -1.8133070       8.5380001    
  0.12981664      0.99153799     -2.78182085E-07
 -0.99153799      0.12981676     -1.81330684E-08
   0.0000000       0.0000000       1.0000000    
           0           2           4           2
   4.8656979      -1.8133070       2.8459997    
  0.12981664      0.99153799     -2.78182085E-07
 -0.99153799      0.12981676     -1.81330684E-08
   0.0000000       0.0000000       1.0000000    
           0           2           4           3
   4.8656979      -1.8133070      -2.8460002    
  0.12981664      0.99153799     -2.78182085E-07
 -0.99153799      0.12981676     -1.81330684E-08
   0.0000000       0.0000000       1.0000000    
           0           2           4           4
   4.8656979      -1.8133070      -8.5380001    
  0.12981664      0.99153799     -2.78182085E-07
 -0.99153799      0.12981676     -1.81330684E-08
   0.0000000       0.0000000       1.0000000    
           0           2           5           1
   5.1559329     -0.61599374       8.5379992    
 -0.10742695      0.99421299     -2.47422122E-07
 -0.99421304     -0.10742660      1.33284281E-08
   0.0000000       0.0000000       1.0000000    
           0           2           5           2
   5.1559329     -0.61599374       2.8459995    
 -0.10742695      0.99421299     -2.47422122E-07
 -0.99421304     -0.10742660      1.33284281E-08
   0.0000000       0.0000000       1.0000000    
           0           2           5           3
   5.1559329     -0.61599374      -2.8460004    
 -0.10742695      0.99421299     -2.47422122E-07
 -0.99421304     -0.10742660      1.33284281E-08
   0.0000000       0.0000000       1.0000000    
           0           2           5           4
   5.1559329     -0.61599374      -8.5380011    
 -0.10742695      0.99421299     -2.47422122E-07
 -0.99421304     -0.10742660      1.33284281E-08
   0.0000000       0.0000000       1.0000000    
           0           2           6           1
   5.1559329      0.61599493       8.5379992    
 -0.33862287      0.94092220     -2.10116212E-07
 -0.94092208     -0.33862293      3.66579158E-08
   0.0000000       0.0000000       1.0000000    
           0           2           6           2
   5.1559329      0.61599493       2.8459995    
 -0.33862287      0.94092220     -2.10116212E-07
 -0.94092208     -0.33862293      3.66579158E-08
   0.0000000       0.0000000       1.0000000    
           0           2           6           3
   5.1559329      0.61599493      -2.8460004    
 -0.33862287      0.94092220     -2.10116212E-07
 -0.94092208     -0.33862293      3.66579158E-08
   0.0000000       0.0000000       1.0000000    
           0           2           6           4
   5.1559329      0.61599493      -8.5380011    
 -0.33862287      0.94092220     -2.10116212E-07
 -0.94092208     -0.33862293      3.66579158E-08
   0.0000000       0.0000000       1.0000000    
           0           2           7           1
   4.8656964       1.8133084       8.5379992    
 -0.55075759      0.83466530     -1.68364181E-07
 -0.83466530     -0.55075753      5.05420914E-08
   0.0000000       0.0000000       1.0000000    
           0           2           7           2
   4.8656964       1.8133084       2.8459992    
 -0.55075759      0.83466530     -1.68364181E-07
 -0.83466530     -0.55075753      5.05420914E-08
   0.0000000       0.0000000       1.0000000    
           0           2           7           3
   4.8656964       1.8133084      -2.8460007    
 -0.55075759      0.83466530     -1.68364181E-07
 -0.83466530     -0.55075753      5.05420914E-08
   0.0000000       0.0000000       1.0000000    
           0           2           7           4
   4.8656964       1.8133084      -8.5380011    
 -0.55075759      0.83466530     -1.68364181E-07
 -0.83466530     -0.55075753      5.05420914E-08
   0.0000000       0.0000000       1.0000000    
           0           2           8           1
   4.3015623       2.9085474       8.5379992    
 -0.73188889      0.68142402     -1.24516504E-07
 -0.68142366     -0.73188895      5.41994183E-08
   0.0000000       0.0000000       1.0000000    
           0           2           8           2
   4.3015623       2.9085474       2.8459992    
 -0.73188889      0.68142402     -1.24516504E-07
 -0.68142366     -0.73188895      5.41994183E-08
   0.0000000       0.0000000       1.0000000    
           0           2           8           3
   4.3015623       2.9085474      -2.8460007    
 -0.73188889      0.68142402     -1.24516504E-07
 -0.68142366     -0.73188895      5.41994183E-08
   0.0000000       0.0000000       1.0000000    
           0           2           8           4
   4.3015623       2.9085474      -8.5380011    
 -0.73188889      0.68142402     -1.24516504E-07
 -0.68142366     -0.73188895      5.41994183E-08
   0.0000000       0.0000000       1.0000000    
           0           2           9           1
   3.4952867       3.8400600       8.5379992    
 -0.87182140      0.48982400     -8.10412644E-08
 -0.48982370     -0.87182140      4.74240522E-08
   0.0000000       0.0000000       1.0000000    
           0           2           9           2
   3.4952867       3.8400600       2.8459992    
 -0.87182140      0.48982400     -8.10412644E-08
 -0.48982370     -0.87182140      4.74240522E-08
   0.0000000       0.0000000       1.0000000    
           0           2           9           3
   3.4952867       3.8400600      -2.8460007    
 -0.87182140      0.48982400     -8.10412644E-08
 -0.48982370     -0.87182140      4.74240522E-08
   0.0000000       0.0000000       1.0000000    
           0           2           9           4
   3.4952867       3.8400600      -8.5380011    
 -0.87182140      0.48982400     -8.10412644E-08
 -0.48982370     -0.87182140      4.74240522E-08
   0.0000000       0.0000000       1.0000000    
           0           2          10           1
   2.4922554       4.5554090       8.5379992    
 -0.96267760      0.27065095     -4.03858351E-08
 -0.27065074     -0.96267754      3.05973273E-08
   0.0000000       0.0000000       1.0000000    
           0           2          10           2
   2.4922554       4.5554090       2.8459992    
 -0.96267760      0.27065095     -4.03858351E-08
 -0.27065074     -0.96267754      3.05973273E-08
   0.0000000       0.0000000       1.0000000    
           0           2          10           3
   2.4922554       4.5554090      -2.8460007    
 -0.96267760      0.27065095     -4.03858351E-08
 -0.27065074     -0.96267754      3.05973273E-08
   0.0000000       0.0000000       1.0000000    
           0           2          10           4
   2.4922554       4.5554090      -8.5380011    
 -0.96267760      0.27065095     -4.03858351E-08
 -0.27065074     -0.96267754      3.05973273E-08
   0.0000000       0.0000000       1.0000000    
           0           2          11           1
  -2.4922581       4.5554090      -8.5380001    
  0.96267748      0.27065089     -1.18020104E-07
  0.27065101     -0.96267754      1.34459725E-07
 -8.74227766E-08   0.0000000      -1.0000000    
           0           2          11           2
  -2.4922576       4.5554090      -2.8460004    
  0.96267748      0.27065089     -1.18020104E-07
  0.27065101     -0.96267754      1.34459725E-07
 -8.74227766E-08   0.0000000      -1.0000000    
           0           2          11           3
  -2.4922571       4.5554090       2.8459995    
  0.96267748      0.27065089     -1.18020104E-07
  0.27065101     -0.96267754      1.34459725E-07
 -8.74227766E-08   0.0000000      -1.0000000    
           0           2          11           4
  -2.4922566       4.5554090       8.5380001    
  0.96267748      0.27065089     -1.18020104E-07
  0.27065101     -0.96267754      1.34459725E-07
 -8.74227766E-08   0.0000000      -1.0000000    
           0           2          12           1
  -3.4952886       3.8400600      -8.5380001    
  0.87182146      0.48982373     -1.34846800E-07
  0.48982376     -0.87182152      9.38043740E-08
 -8.74227766E-08   0.0000000      -1.0000000    
           0           2          12           2
  -3.4952881       3.8400600      -2.8460002    
  0.87182146      0.48982373     -1.34846800E-07
  0.48982376     -0.87182152      9.38043740E-08
 -8.74227766E-08   0.0000000      -1.0000000    
           0           2          12           3
  -3.4952877       3.8400600       2.8459997    
  0.87182146      0.48982373     -1.34846800E-07
  0.48982376     -0.87182152      9.38043740E-08
 -8.74227766E-08   0.0000000      -1.0000000    
           0           2          12           4
  -3.4952872       3.8400600       8.5380001    
  0.87182146      0.48982373     -1.34846800E-07
  0.48982376     -0.87182152      9.38043740E-08
 -8.74227766E-08   0.0000000      -1.0000000    
           0           2          13           1
  -4.3015642       2.9085479      -8.5380001    
  0.73188901      0.68142378     -1.41622195E-07
  0.68142378     -0.73188907      5.03291311E-08
 -8.74227766E-08   0.0000000      -1.0000000    
           0           2          13           2
  -4.3015633       2.9085479      -2.8460000    
  0.73188901      0.68142378     -1.41622195E-07
  0.68142378     -0.73188907      5.03291311E-08
 -8.74227766E-08   0.0000000      -1.0000000    
           0           2          13           3
  -4.3015628       2.9085479       2.8460000    
  0.73188901      0.68142378     -1.41622195E-07
  0.68142378     -0.73188907      5.03291311E-08
 -8.74227766E-08   0.0000000      -1.0000000    
           0           2          13           4
  -4.3015623       2.9085479       8.5380001    
  0.73188901      0.68142378     -1.41622195E-07
  0.68142378     -0.73188907      5.03291311E-08
 -8.74227766E-08   0.0000000      -1.0000000    
           0           2          14           1
  -4.8656974       1.8133092      -8.5380001    
  0.55075753      0.83466518     -1.37964861E-07
  0.83466530     -0.55075777      6.48141452E-09
 -8.74227766E-08   0.0000000      -1.0000000    
           0           2          14           2
  -4.8656969       1.8133092      -2.8459997    
  0.55075753      0.83466518     -1.37964861E-07
  0.83466530     -0.55075777      6.48141452E-09
 -8.74227766E-08   0.0000000      -1.0000000    
           0           2          14           3
  -4.8656964       1.8133092       2.8460002    
  0.55075753      0.83466518     -1.37964861E-07
  0.83466530     -0.55075777      6.48141452E-09
 -8.74227766E-08   0.0000000      -1.0000000    
           0           2          14           4
  -4.8656960       1.8133092       8.5380001    
  0.55075753      0.83466518     -1.37964861E-07
  0.83466530     -0.55075777      6.48141452E-09
 -8.74227766E-08   0.0000000      -1.0000000    
           0           2          15           1
  -5.1559334      0.61599654      -8.5379992    
  0.33862281      0.94092214     -1.24080657E-07
  0.94092220     -0.33862302     -3.52705953E-08
 -8.74227766E-08   0.0000000      -1.0000000    
           0           2          15           2
  -5.1559329      0.61599654      -2.8459997    
  0.33862281      0.94092214     -1.24080657E-07
  0.94092220     -0.33862302     -3.52705953E-08
 -8.74227766E-08   0.0000000      -1.0000000    
           0           2          15           3
  -5.1559324      0.61599654       2.8460002    
  0.33862281      0.94092214     -1.24080657E-07
  0.94092220     -0.33862302     -3.52705953E-08
 -8.74227766E-08   0.0000000      -1.0000000    
           0           2          15           4
  -5.1559319      0.61599654       8.5380011    
  0.33862281      0.94092214     -1.24080657E-07
  0.94092220     -0.33862302     -3.52705953E-08
 -8.74227766E-08   0.0000000      -1.0000000    
           0           2          16           1
  -5.1559339     -0.61599159      -8.5379992    
  0.10742667      0.99421299     -1.00751215E-07
  0.99421299     -0.10742684     -7.25765616E-08
 -8.74227766E-08   0.0000000      -1.0000000    
           0           2          16           2
  -5.1559334     -0.61599159      -2.8459995    
  0.10742667      0.99421299     -1.00751215E-07
  0.99421299     -0.10742684     -7.25765616E-08
 -8.74227766E-08   0.0000000      -1.0000000    
           0           2          16           3
  -5.1559329     -0.61599159       2.8460004    
  0.10742667      0.99421299     -1.00751215E-07
  0.99421299     -0.10742684     -7.25765616E-08
 -8.74227766E-08   0.0000000      -1.0000000    
           0           2          16           4
  -5.1559324     -0.61599159       8.5380011    
  0.10742667      0.99421299     -1.00751215E-07
  0.99421299     -0.10742684     -7.25765616E-08
 -8.74227766E-08   0.0000000      -1.0000000    
           0           2          17           1
  -4.8656983      -1.8133047      -8.5379992    
 -0.12981682      0.99153799     -6.92897117E-08
  0.99153799      0.12981659     -1.03336511E-07
 -8.74227766E-08   0.0000000      -1.0000000    
           0           2          17           2
  -4.8656979      -1.8133047      -2.8459992    
 -0.12981682      0.99153799     -6.92897117E-08
  0.99153799      0.12981659     -1.03336511E-07
 -8.74227766E-08   0.0000000      -1.0000000    
           0           2          17           3
  -4.8656974      -1.8133047       2.8460007    
 -0.12981682      0.99153799     -6.92897117E-08
  0.99153799      0.12981659     -1.03336511E-07
 -8.74227766E-08   0.0000000      -1.0000000    
           0           2          17           4
  -4.8656969      -1.8133047       8.5380011    
 -0.12981682      0.99153799     -6.92897117E-08
  0.99153799      0.12981659     -1.03336511E-07
 -8.74227766E-08   0.0000000      -1.0000000    
           0           2          18           1
  -4.3015656      -2.9085438      -8.5379992    
 -0.35975268      0.93304771     -3.14671880E-08
  0.93304771      0.35975248     -1.25818872E-07
 -8.74227766E-08   0.0000000      -1.0000000    
           0           2          18           2
  -4.3015652      -2.9085438      -2.8459992    
 -0.35975268      0.93304771     -3.14671880E-08
  0.93304771      0.35975248     -1.25818872E-07
 -8.74227766E-08   0.0000000      -1.0000000    
           0           2          18           3
  -4.3015647      -2.9085438       2.8460007    
 -0.35975268      0.93304771     -3.14671880E-08
  0.93304771      0.35975248     -1.25818872E-07
 -8.74227766E-08   0.0000000      -1.0000000    
           0           2          18           4
  -4.3015642      -2.9085438       8.5380011    
 -0.35975268      0.93304771     -3.14671880E-08
  0.93304771      0.35975248     -1.25818872E-07
 -8.74227766E-08   0.0000000      -1.0000000    
           0           2          19           1
  -3.4952915      -3.8400567      -8.5379992    
 -0.56943750      0.82203472      1.05872502E-08
  0.82203466      0.56943715     -1.38758111E-07
 -8.74227766E-08   0.0000000      -1.0000000    
           0           2          19           2
  -3.4952908      -3.8400567      -2.8459992    
 -0.56943750      0.82203472      1.05872502E-08
  0.82203466      0.56943715     -1.38758111E-07
 -8.74227766E-08   0.0000000      -1.0000000    
           0           2          19           3
  -3.4952903      -3.8400567       2.8460007    
 -0.56943750      0.82203472      1.05872502E-08
  0.82203466      0.56943715     -1.38758111E-07
 -8.74227766E-08   0.0000000      -1.0000000    
           0           2          19           4
  -3.4952898      -3.8400567       8.5380011    
 -0.56943750      0.82203472      1.05872502E-08
  0.82203466      0.56943715     -1.38758111E-07
 -8.74227766E-08   0.0000000      -1.0000000    
           0           2          20           1
  -2.4922621      -4.5554056      -8.5379992    
 -0.74706781      0.66474789      5.45063337E-08
  0.66474795      0.74706769     -1.41425858E-07
 -8.74227766E-08   0.0000000      -1.0000000    
           0           2          20           2
  -2.4922616      -4.5554056      -2.8459992    
 -0.74706781      0.66474789      5.45063337E-08
  0.66474795      0.74706769     -1.41425858E-07
 -8.74227766E-08   0.0000000      -1.0000000    
           0           2          20           3
  -2.4922612      -4.5554056       2.8460007    
 -0.74706781      0.66474789      5.45063337E-08
  0.66474795      0.74706769     -1.41425858E-07
 -8.74227766E-08   0.0000000      -1.0000000    
           0           2          20           4
  -2.4922607      -4.5554056       8.5380011    
 -0.74706781      0.66474789      5.45063337E-08
  0.66474795      0.74706769     -1.41425858E-07
 -8.74227766E-08   0.0000000      -1.0000000    
           0           3           1           1
   5.6300101      -10.330452       12.750801    
 -0.87806654     -0.47853848      3.09031435E-07
 -0.47853863      0.87806654      7.87423815E-08
 -8.74227766E-08   0.0000000      -1.0000000    
           0           3           1           2
   5.6300097      -10.330452       6.3754005    
 -0.87806654     -0.47853848      3.09031435E-07
 -0.47853863      0.87806654      7.87423815E-08
 -8.74227766E-08   0.0000000      -1.0000000    
           0           3           1           3
   5.6300087      -10.330452      6.35462357E-07
 -0.87806654     -0.47853848      3.09031435E-07
 -0.47853863      0.87806654      7.87423815E-08
 -8.74227766E-08   0.0000000      -1.0000000    
           0           3           1           4
   5.6300082      -10.330452      -6.3753996    
 -0.87806654     -0.47853848      3.09031435E-07
 -0.47853863      0.87806654      7.87423815E-08
 -8.74227766E-08   0.0000000      -1.0000000    
           0           3           1           5
   5.6300077      -10.330452      -12.750799    
 -0.87806654     -0.47853848      3.09031435E-07
 -0.47853863      0.87806654      7.87423815E-08
 -8.74227766E-08   0.0000000      -1.0000000    
           0           3           2           1
   7.5506697      -7.1328254       12.750800    
 -0.68670684     -0.72693431      3.16510835E-07
 -0.72693449      0.68670696      1.36409355E-07
 -8.74227766E-08   0.0000000      -1.0000000    
           0           3           2           2
   7.5506687      -7.1328254       6.3754001    
 -0.68670684     -0.72693431      3.16510835E-07
 -0.72693449      0.68670696      1.36409355E-07
 -8.74227766E-08   0.0000000      -1.0000000    
           0           3           2           3
   7.5506682      -7.1328254     -3.57199355E-08
 -0.68670684     -0.72693431      3.16510835E-07
 -0.72693449      0.68670696      1.36409355E-07
 -8.74227766E-08   0.0000000      -1.0000000    
           0           3           2           4
   7.5506678      -7.1328254      -6.3754001    
 -0.68670684     -0.72693431      3.16510835E-07
 -0.72693449      0.68670696      1.36409355E-07
 -8.74227766E-08   0.0000000      -1.0000000    
           0           3           2           5
   7.5506673      -7.1328254      -12.750800    
 -0.68670684     -0.72693431      3.16510835E-07
 -0.72693449      0.68670696      1.36409355E-07
 -8.74227766E-08   0.0000000      -1.0000000    
           0           3           3           1
   11.791656      -5.8047690       12.750799    
 -0.44166234     -0.89718127      3.06702333E-07
 -0.89718139      0.44166234      1.90868263E-07
 -8.74227766E-08   0.0000000      -1.0000000    
           0           3           3           2
   11.791656      -5.8047690       6.3753991    
 -0.44166234     -0.89718127      3.06702333E-07
 -0.89718139      0.44166234      1.90868263E-07
 -8.74227766E-08   0.0000000      -1.0000000    
           0           3           3           3
   11.791655      -5.8047690     -7.66011681E-07
 -0.44166234     -0.89718127      3.06702333E-07
 -0.89718139      0.44166234      1.90868263E-07
 -8.74227766E-08   0.0000000      -1.0000000    
           0           3           3           4
   11.791655      -5.8047690      -6.3754010    
 -0.44166234     -0.89718127      3.06702333E-07
 -0.89718139      0.44166234      1.90868263E-07
 -8.74227766E-08   0.0000000      -1.0000000    
           0           3           3           5
   11.791654      -5.8047690      -12.750801    
 -0.44166234     -0.89718127      3.06702333E-07
 -0.89718139      0.44166234      1.90868263E-07
 -8.74227766E-08   0.0000000      -1.0000000    
           0           3           4           1
   11.580877      -2.0732963       12.750799    
 -0.17622565     -0.98434979      2.83325278E-07
 -0.98434979      0.17622575      2.37106832E-07
 -8.74227766E-08   0.0000000      -1.0000000    
           0           3           4           2
   11.580876      -2.0732963       6.3753986    
 -0.17622565     -0.98434979      2.83325278E-07
 -0.98434979      0.17622575      2.37106832E-07
 -8.74227766E-08   0.0000000      -1.0000000    
           0           3           4           3
   11.580876      -2.0732963     -1.22769495E-06
 -0.17622565     -0.98434979      2.83325278E-07
 -0.98434979      0.17622575      2.37106832E-07
 -8.74227766E-08   0.0000000      -1.0000000    
           0           3           4           4
   11.580875      -2.0732963      -6.3754015    
 -0.17622565     -0.98434979      2.83325278E-07
 -0.98434979      0.17622575      2.37106832E-07
 -8.74227766E-08   0.0000000      -1.0000000    
           0           3           4           5
   11.580875      -2.0732963      -12.750801    
 -0.17622565     -0.98434979      2.83325278E-07
 -0.98434979      0.17622575      2.37106832E-07
 -8.74227766E-08   0.0000000      -1.0000000    
           0           3           5           1
   10.288672       1.4258413       12.750798    
  0.13727179     -0.99053341      2.43025937E-07
 -0.99053341     -0.13727173      2.79027944E-07
 -8.74227766E-08   0.0000000      -1.0000000    
           0           3           5           2
   10.288672       1.4258413       6.3753986    
  0.13727179     -0.99053341      2.43025937E-07
 -0.99053341     -0.13727173      2.79027944E-07
 -8.74227766E-08   0.0000000      -1.0000000    
           0           3           5           3
   10.288671       1.4258413     -1.51709935E-06
  0.13727179     -0.99053341      2.43025937E-07
 -0.99053341     -0.13727173      2.79027944E-07
 -8.74227766E-08   0.0000000      -1.0000000    
           0           3           5           4
   10.288671       1.4258413      -6.3754015    
  0.13727179     -0.99053341      2.43025937E-07
 -0.99053341     -0.13727173      2.79027944E-07
 -8.74227766E-08   0.0000000      -1.0000000    
           0           3           5           5
   10.288671       1.4258413      -12.750802    
  0.13727179     -0.99053341      2.43025937E-07
 -0.99053341     -0.13727173      2.79027944E-07
 -8.74227766E-08   0.0000000      -1.0000000    
           0           3           6           1
   11.906753       5.5648651       12.750798    
  0.42340904     -0.90593868      1.94410319E-07
 -0.90593857     -0.42340901      3.05457064E-07
 -8.74227766E-08   0.0000000      -1.0000000    
           0           3           6           2
   11.906752       5.5648651       6.3753977    
  0.42340904     -0.90593868      1.94410319E-07
 -0.90593857     -0.42340901      3.05457064E-07
 -8.74227766E-08   0.0000000      -1.0000000    
           0           3           6           3
   11.906752       5.5648651     -2.27205237E-06
  0.42340904     -0.90593868      1.94410319E-07
 -0.90593857     -0.42340901      3.05457064E-07
 -8.74227766E-08   0.0000000      -1.0000000    
           0           3           6           4
   11.906751       5.5648651      -6.3754025    
  0.42340904     -0.90593868      1.94410319E-07
 -0.90593857     -0.42340901      3.05457064E-07
 -8.74227766E-08   0.0000000      -1.0000000    
           0           3           6           5
   11.906750       5.5648651      -12.750802    
  0.42340904     -0.90593868      1.94410319E-07
 -0.90593857     -0.42340901      3.05457064E-07
 -8.74227766E-08   0.0000000      -1.0000000    
           0           3           7           1
   8.8643236       7.7355676       12.750798    
  0.65750682     -0.75344867      1.43715440E-07
 -0.75344861     -0.65750670      3.16158633E-07
 -8.74227766E-08   0.0000000      -1.0000000    
           0           3           7           2
   8.8643227       7.7355676       6.3753977    
  0.65750682     -0.75344867      1.43715440E-07
 -0.75344861     -0.65750670      3.16158633E-07
 -8.74227766E-08   0.0000000      -1.0000000    
           0           3           7           3
   8.8643227       7.7355676     -2.15773912E-06
  0.65750682     -0.75344867      1.43715440E-07
 -0.75344861     -0.65750670      3.16158633E-07
 -8.74227766E-08   0.0000000      -1.0000000    
           0           3           7           4
   8.8643217       7.7355676      -6.3754025    
  0.65750682     -0.75344867      1.43715440E-07
 -0.75344861     -0.65750670      3.16158633E-07
 -8.74227766E-08   0.0000000      -1.0000000    
           0           3           7           5
   8.8643217       7.7355676      -12.750802    
  0.65750682     -0.75344867      1.43715440E-07
 -0.75344861     -0.65750670      3.16158633E-07
 -8.74227766E-08   0.0000000      -1.0000000    
           0           3           8           1
   5.3263731       8.9173727       12.750798    
  0.85851270     -0.51279241      8.57984404E-08
 -0.51279223     -0.85851270      3.10959109E-07
 -8.74227766E-08   0.0000000      -1.0000000    
           0           3           8           2
   5.3263726       8.9173727       6.3753982    
  0.85851270     -0.51279241      8.57984404E-08
 -0.51279223     -0.85851270      3.10959109E-07
 -8.74227766E-08   0.0000000      -1.0000000    
           0           3           8           3
   5.3263721       8.9173727     -1.84876819E-06
  0.85851270     -0.51279241      8.57984404E-08
